spawns:
  default:
    world: 25ea8018-4ac3-4e3a-9742-7856ec83d86e
    world-name: world
    x: -68.23361434823757
    y: 63.0
    z: 388.73391787979364
    yaw: -62.84999084472656
    pitch: 18.149991989135742
