spawns:
  default:
    world: 93bcec04-47f6-46e8-acca-116506ade162
    world-name: world
    x: -429.5
    y: 136.0
    z: -215.5
    yaw: -0.0014185011386871338
    pitch: -1.79990816116333
